DnD List
2349095589287
2349095524013
2349095507666
2349095409729
2349095341069
2349095325136
2349095224493
2349095177133
2349095151181
2349095122452
2349095114458
2349095086202
2349095085330
2349095078940
2349095074384
2349094945053
2349094885175
2349094870800
2349094824689
2349094787840
2349094776890
2349094630710
2349094557835
2349094367420
2349094262598
2349094230661
2349094209889
2349093979710
2349093955229
2349093940993
2349093921675
2349093868965
2349093853046
2349093474688
2349093461682
2349093435690
2349093358047
2349093282700
2349093171570
2349093170461
2349092981910
2349092693889
2349092516855
2349092379793
2349092283926
2349091809539
2349091755001
2349091603440
2349091543100
2349091484299
2349091479112
2349091458631
2349091388786
2349091373621
2349091333728
2349091182019
2349091179561
2349090991283
2349090751335
2349090732171
2349090700136
2349090638606
2349090553522
2349090427373
2349090405545
2349090369289
2349090297029
2349090249559
2349090213540
2349090202366
2349090149346
2349090106514
2349090090187
2349090036140
2349090028935
2348189979607
2348189764294
2348189735331
2348189732270
2348189663697
2348189583815
2348189555992
2348189547349
2348189546291
2348189513576
2348189509034
2348189406355
2348189356440
2348189305114
2348189298416
2348189232072
2348189211150
2348189199924
2348189159680
2348189139318
2348189074421
2348189033956
2348189011804
2348188951100
2348188890014
2348188884555
2348188854648
2348188830889
2348188695825
2348188599169
2348188570695
2348188475582
2348188445150
2348188390833
2348188260463
2348188257415
2348188250616
2348188220860
2348188146398
2348188077153
2348188030084
2348187971221
2348187964177
2348187920356
2348187766430
2348187692377
2348187680359
2348187669427
2348187650819
2348187650578
2348187551504
2348187546595
2348187462247
2348187261708
2348187228680
2348187095075
2348187090234
2348187041605
2348187008629
2348186978552
2348186957425
2348186936513
2348186878311
2348186868930
2348186855380
2348186798378
2348186769138
2348186749917
2348186735667
2348186718997
2348186699431
2348186643508
2348186623899
2348186618632
2348186571500
2348186559287
2348186536047
2348186510113
2348186355190
2348186293370
2348186236598
2348186228688
2348186211739
2348186200362
2348186169539
2348185948776
2348185904371
2348185888210
2348185828279
2348185763094
2348185757147
2348185751114
2348185633506
2348185598873
2348185596949
2348185552865
2348185510574
2348185491212
2348185459109
2348185368923
2348185348613
2348185334922
2348185329571
2348185324873
2348185241399
2348185203859
2348185159929
2348185094748
2348185019228
2348185019006
2348184994471
2348184869798
2348184865155
2348184809709
2348184805817
2348184641652
2348184630753
2348184595256
2348184461766
2348184455315
2348184449418
2348184429389
2348184273597
2348184233696
2348184167926
2348184145276
2348184143042
2348184086919
2348184043623
2348184042364
2348184007295
2348184004757
2348183984801
2348183983644
2348183972262
2348183903065
2348183836632
2348183824752
2348183819621
2348183806776
2348183778726
2348183696460
2348183678488
2348183564143
2348183526870
2348183520312
2348183471415
2348183374009
2348183364774
2348183354097
2348183254186
2348183253087
2348183221568
2348183148228
2348183060954
2348183060770
2348183001366
2348183000152
2348182969706
2348182967473
2348182947998
2348182931445
2348182929500
2348182857912
2348182747974
2348182699142
2348182641130
2348182638703
2348182610068
2348182601870
2348182568675
2348182479075
2348182376771
2348182374637
2348182337951
2348182267236
2348182250255
2348182161723
2348182124420
2348182099525
2348182047853
2348182014031
2348181962829
2348181897721
2348181891228
2348181886947
2348181872228
2348181862447
2348181842303
2348181834736
2348181792199
2348181777707
2348181776210
2348181516502
2348181497582
2348181307012
2348181212878
2348181202769
2348181175353
2348181150988
2348181124847
2348181122316
2348181103225
2348181020669
2348181000875
2348180969377
2348180872738
2348180870499
2348180825583
2348180723817
2348180695536
2348180627219
2348180547553
2348180529431
2348180449297
2348180388388
2348180366802
2348180333827
2348180323820
2348180299116
2348180227259
2348180114923
2348180058154
2348180055490
2348180046959
2348179957322
2348179860400
2348179798502
2348179770250
2348179751942
2348179736775
2348179680683
2348179655212
2348179652554
2348179524491
2348179454897
2348179142107
2348179056357
2348179013975
2348178907941
2348178831622
2348178519532
2348178459007
2348178438675
2348178428459
2348178415558
2348178351783
2348178315449
2348178300835
2348178177732
2348178171542
2348178158159
2348178154968
2348178103371
2348178090278
2348178042279
2348177527665
2348177506844
2348177382040
2348177344946
2348177251752
2348177220953
2348177191826
2348177113092
2348177008816
2348176840718
2348176690212
2348176600143
2348176478075
2348176338009
2348176222412
2348176202671
2348176137730
2348176134565
2348176127660
2348176076967
2348176064406
2348175930456
2348175904447
2348175839187
2348175731496
2348175707353
2348175704922
2348175605099
2348175580316
2348175533471
2348175527250
2348175503328
2348175463057
2348175379799
2348175174751
2348175109568
2348175029196
2348174799805
2348174773002
2348174751544
2348174544931
2348174532490
2348174527945
2348174508481
2348174400956
2348174379596
2348174378293
2348174313260
2348173996813
2348173982025
2348173902857
2348173701255
2348173697641
2348173687597
2348173655932
2348173615599
2348173593811
2348173559160
2348173481449
2348173444292
2348173430801
2348173414432
2348173402303
2348173394426
2348173363151
2348173333023
2348173312709
2348173239058
2348173233945
2348173214096
2348173186312
2348173177823
2348173122967
2348173095332
2348173046798
2348173045120
2348172998620
2348172957789
2348172864477
2348172799326
2348172681687
2348172379272
2348172367819
2348172281634
2348172164075
2348172002672
2348171982931
2348171976529
2348171962547
2348171914705
2348171818313
2348171788776
2348171708172
2348171653299
2348171553189
2348171552258
2348171456067
2348171433778
2348171411848
2348171406335
2348171387109
2348171366472
2348171228012
2348171201164
2348171173656
2348171120257
2348171027149
2348170980834
2348170962860
2348170942347
2348170844110
2348170827271
2348170787364
2348170651421
2348170614207
2348170522244
2348170452918
2348170442623
2348170412039
2348170249383
2348170216394
2348170113377
2348170067781
2348111021080
2348105364561
2348099999207
2348099874809
2348099856952
2348099848484
2348099833155
2348099814006
2348099800818
2348099796808
2348099792054
2348099771916
2348099750025
2348099749352
2348099732202
2348099722217
2348099712475
2348099712156
2348099694189
2348099693132
2348099675237
2348099660567
2348099648945
2348099631131
2348099622180
2348099621202
2348099611685
2348099601177
2348099588696
2348099494905
2348099492282
2348099449140
2348099448280
2348099448033
2348099441341
2348099427494
2348099354044
2348099324299
2348099320596
2348099299418
2348099298058
2348099243829
2348099220207
2348099184721
2348099149595
2348099112428
2348099108400
2348099098004
2348099052074
2348099040830
2348099027441
2348098993358
2348098969737
2348098933091
2348098889882
2348098884384
2348098744128
2348098743552
2348098742009
2348098737373
2348098711095
2348098701546
2348098699810
2348098686446
2348098647938
2348098590853
2348098556188
2348098554786
2348098518442
2348098513169
2348098501105
2348098501101
2348098501100
2348098500909
2348098500897
2348098500874
2348098442098
2348098436694
2348098423208
2348098415321
2348098386420
2348098373252
2348098361110
2348098347800
2348098300135
2348098247686
2348098228507
2348098176828
2348098161779
2348098138571
2348098126508
2348098098172
2348098009627
2348098008551
2348097945760
2348097881072
2348097858612
2348097856606
2348097853651
2348097853543
2348097845134
2348097801780
2348097789984
2348097717711
2348097676386
2348097640789
2348097631907
2348097620266
2348097617632
2348097592236
2348097586369
2348097556254
2348097551849
2348097536267
2348097522287
2348097494631
2348097414691
2348097335054
2348097330996
2348097329618
2348097292717
2348097272651
2348097251941
2348097248042
2348097171000
2348097142844
2348097134928
2348097066040
2348097014887
2348096984351
2348096978565
2348096975804
2348096974527
2348096958790
2348096871769
2348096855071
2348096829768
2348096806495
2348096798725
2348096781118
2348096770309
2348096668166
2348096626385
2348096620208
2348096581411
2348096575607
2348096545578
2348096466438
2348096458179
2348096400581
2348096362399
2348096273456
2348096253313
2348096185119
2348096178850
2348096109808
2348096094363
2348096058833
2348096053963
2348096047830
2348095959517
2348095948074
2348095931257
2348095929184
2348095925167
2348095913500
2348095888270
2348095883454
2348095847015
2348095818336
2348095794890
2348095781958
2348095737448
2348095736074
2348095735964
2348095714357
2348095679085
2348095661518
2348095642416
2348095639800
2348095536817
2348095521139
2348095494756
2348095483585
2348095474006
2348095437290
2348095400057
2348095387320
2348095372895
2348095356536
2348095303244
2348095225947
2348095220920
2348095220879
2348095101350
2348095067445
2348094998204
2348094992767
2348094966241
2348094849885
2348094832937
2348094811283
2348094763096
2348094712703
2348094647126
2348094645841
2348094627001
2348094560088
2348094535549
2348094488388
2348094487004
2348094453262
2348094433334
2348094429550
2348094411686
2348094393500
2348094334392
2348094298886
2348094274135
2348094243269
2348094210633
2348094206773
2348094190192
2348094141586
2348094094799
2348094092629
2348094070425
2348094027880
2348094025973
2348094017427
2348093994693
2348093978456
2348093975219
2348093953048
2348093936151
2348093891004
2348093863100
2348093838398
2348093838269
2348093825979
2348093817007
2348093790832
2348093778682
2348093716685
2348093629200
2348093597377
2348093514141
2348093497360
2348093466263
2348093421063
2348093393213
2348093387097
2348093376618
2348093337167
2348093313996
2348093312781
2348093262415
2348093248268
2348093224049
2348093223630
2348093222819
2348093176983
2348093122789
2348093067562
2348093011202
2348092999278
2348092935710
2348092837594
2348092825214
2348092791428
2348092683386
2348092646342
2348092627665
2348092522899
2348092501385
2348092404204
2348092400327
2348092397629
2348092396048
2348092347229
2348092252334
2348092228113
2348092221119
2348092199289
2348092191534
2348092161593
2348092142999
2348092139641
2348092084956
2348092084610
2348092080102
2348092079143
2348092020733
2348091922383
2348091857190
2348091853800
2348091813097
2348091790695
2348091734267
2348091713016
2348091710074
2348091700464
2348091688414
2348091676053
2348091636319
2348091623445
2348091599508
2348091561921
2348091536410
2348091499764
2348091462585
2348091419885
2348091407762
2348091294670
2348091216873
2348091083282
2348091050330
2348091044003
2348091035109
2348091029652
2348090987100
2348090926278
2348090914385
2348090878084
2348090877971
2348090860212
2348090833825
2348090800094
2348090785919
2348090703700
2348090654823
2348090606548
2348090595701
2348090593250
2348090589387
2348090588285
2348090574358
2348090521218
2348090515071
2348084180900
2348035787788
2348035586924
2348033244722
2348025378903
2348092751990
234 9094870800
2348098500874
2348098500897
2348098500909
2348098501100
2348098501101
2348098501105
2348178154968
2348099999207
2348173186312
2349096847642
2349096847642
2348099800818
2348181212878
2349098935730
2349097465263
2349098935730
2348097856606
2348182641130
2349097000725
2348180388388
2348095931257
2348187546595
2348095847015
2348095847015
2348185324873
2348090860212
2349095341069
2348094017427
2349096444602
2348098933091
2348098933091
2348171976529
2348171976529
2348189547349
2348179680683
2348179680683
2349091373621
2349091373621
2348092347229
2348183354097
2348091083282
2348184007295
2348184007295
2349094557835
2348097142844
2349094824689
2349094824689
2348096253313
2348171406335
2349095085330
2348184167926
2348096253313
2349098557131
2348099675237
2348099675237
2349092283926
2348097592236
2348094070425
2349095151181
2349095151181
2348170522244
2348181212878
2348180114923
2348179680683
2348092221119
2349091182019
2348189298416
2348094712703
2348094712703
2348094712703
2348097066040
2348091853800
2348091710074
2348188695825
2348173363151
2348093421063
2348093421063
2348094453262
2348095847015
2348183354097
2348094453262
2348182747974
2349094209889
2349094209889
2349090036140
2348185334922
2348188695825
2348184641652
2348184994471
2348091419885
2348095536817
2348096458179
2348096458179
2348099448280
2348183060770
2348096668166
2348183060770
2348096626385
2348185491212
2349091182019
2349090751335
2348092161593
2348170522244
2348188146398
2348097272651
2348097272651
2348175527250
2348175527250
2348095679085
2348186618632
2348188390833
2348094627001
2348180872738
2348180872738
2348095536817
2348174799805
2348096273456
2348184865155
2348094017427
2348094070425
2348180323820
2348189356440
2348189356440
2348186571500
2348094070425
2348094070425
2348185596949
2348098744128
2348098744128
2348179524491
2348189513576
2348186855380
2348097272651
2349090297029
2348181020669
2348093262415
2348171120257
2349098076777
2348097640789
2348094334392
2348171962547
2348183564143
2348175503328
2348179056357
2348098138571
2348180870499
2348180870499
2348093337167
2348181175353
2348182857912
2349098145671
2348092199289
2348185757147
2348099771916
2348095400057
2348099874809
2349095074384
2348184043623
2348176134565
2348097856606
2349092516855
2348189513576
2348186855380
2348097272651
2349090297029
2348181020669
2348093262415
2348171120257
2349098076777
2348097640789
2348094334392
2348171962547
2348183564143
2348175503328
2348179056357
2348098138571
2348180870499
2348180870499
2348093337167
2348181175353
2348182857912
2349098145671
2348092199289
2348185757147
2348099771916
2348095400057
2348099874809
2349095074384
2348184043623
2348176134565
2348097856606
2349092516855
2348096400581
2348185751114
2348170249383
2348180529431
2348186559287
2348092837594
2348094998204
2348185019006
2348097551849
2348182857912
2348182857912
2348183824752
2348096466438
2348033244722
2349098313616
2348093716685
2348173697641
2348186510113
2348186623899
2348094274135
2348111021080
2348181886947
2349090991283
2348091462585
2349099312917
2348095883454
2348095883454
2348095474006
2348092142999
2348092404204
2348096975804
2348096958790
2348094535549
2348095818336
2348189735331
2348189735331
2348185904371
2348099298058
2349090553522
2348095521139
2349098808267
2348181103225
2349097031375
2348099800818
2348174508481
2348096094363
2348091710074
2348189546291
2348189199924
2348099648945
2348095714357
2349094870800
2348181834736
2348174378293
2348174378293
2349091484299
2348097676386
2348186718997
2348095303244
2348090833825
2348095225947
2348098300135
2348170942347
2348189011804
2348185203859
2348097617632
2348183778726
2348090595701
2348185948776
2348093790832
2348173122967
2348187650578
2348189211150
2348187920356
2348187920356
2348186769138
2349090751335
2348093466263
2348185598873
2348097945760
2348093838269
2348173333023
2348095737448
2348171387109
2348179652554
2349094787840
2348180055490
2348099098004
2348187766430
2349090751335
2348099712475
2348172281634
2348180723817
2348093312781
2348095737448
2348099184721
2348170962860
2348091536410
2348170614207
2348099108400
2348180058154
2348095735964
2348186878311
2348093248268
2348094025973
2348182610068
2348097620266
2348094017427
2348094017427
2349095847786
2348180227259
2348099722217
2349095325136
2349095078940
2348099052074
2348187462247
2348185510574
2348099112428
2348092139641
2348092139641
2348092139641
2348092139641
2348092139641
2348092139641
2348092139641
2348092139641
2348092139641
2348095220920
2349093474688
2348170442623
2349098799677
2348093629200
2348182124420
2348093953048
2348095959517
2348173615599
2348189406355
2348186211739
2348189011804
2348095387320
2348187650819
2348094017427
2348181792199
2348181307012
2349092379793
2349092379793
2348176478075
2348097556254
2348181862447
2348094393500
2348099040830
2348091216873
2348098693699
2349097541532
2348175731496
2348098232017
2348187971221
2348090588285
2348093313996
2348173982025
2348097335054
2348173982025
2348188257415
2348177382040
2348173982025
2348183520312
2348186699431
2348186699431
2348186699431
2348098742009
2348188260463
2348182601870
2348183526870
2348098743552
2348178300835
2348179751942
2348099427494
2348094094799
2348185368923
2348183972262
2348175707353
2348099622180
2348095494756
2348098889882
2348178459007
2348096109808
2348098647938
2349090427373
2348098098172
2348096058833
2348092252334
2348094298886
2348095220879
2348184461766
2348183001366
2348091813097
2349095524013
2348178158159
2348098701546
2348098701546
2348091700464
2349093170461
2348095661518
2348095661518
2348188884555
2348095661518
2348094206773
2348176076967
2349090638606
2348099848484
2348091636319
2348094070425
2348092999278
2348094647126
2349093868965
2348097171000
2349093868965
2348097171000
2348091636319
2348094535549
2348173481449
2348189159680
2348097853543
2348175580316
2349098092112
2349099389500
2348097134928
2348173444292
2348090521218
2348174378293
2348178090278
2348095794890
2349093955229
2348092079143
2348025378903
2348099693132
2348173394426
2348183984801
2348175503328
2348084180900
2349098082442
2348179655212
2348096185119
2348090878084
2348181891228
2348098884384
2348096770309
2348099621202
2348188599169
2348183678488
2348184233696
2348178103371
2348094027880
2348174378293
2348174378293
2348171914705
2348180825583
2348175533471
2348096575607
2348173902857
2348184630753
2348092683386
2348181862447
2348177113092
2348096273456
2348096273456
2349097789972
2349097789972
2348189305114
2348174751544
2348173312709
2348170452918
2348094560088
2348173559160
2348091044003
2348173559160
2348173559160
2348090785919
2348187261708
2348099749352
2348090914385
2348182638703
2348182568675
2348099299418
2349091458631
2349091458631
2348186355190
2348092397629
2348186978552